0.358401
0.000665
0.002595
0.933902
0.003265
0.135500
0.887001
0.001644
0.735472
0.323092
0.152236
0.757279
0.161751
0.997372
0.935092
0.001035
0.752393
0.600056
0.999645
0.999460
0.998939
0.934998
0.600883
0.001115
0.053824
0.120833
0.327906
0.031965
0.000330
0.952716
0.001042
0.694093
0.067284
0.000422
0.188105
0.916234
0.070788
0.737481
0.399593
0.469167
0.000635
0.845842
0.600860
0.931945
0.914248
0.999409
0.030856
0.562490
0.869540
0.255020
0.199919
0.000320
0.850698
0.603190
0.999955
0.000235
0.804105
0.000442
0.302018
0.399866
0.360335
0.999634
0.998229
0.793979
0.216822
0.783062
0.997484
0.070758
0.754433
0.692204
0.822103
0.999409
0.843253
0.369942
0.412722
0.105467
0.997937
0.816244
0.235371
0.628115
0.065271
0.221679
0.500191
0.142913
0.399965
0.863572
0.221151
0.075328
0.999086
0.522166
0.999152
0.752689
0.544059
0.601506
0.697120
0.781366
0.600192
0.888210
0.058978
0.146723
0.450471
0.307149
0.679303
0.682249
0.973122
0.842258
0.999767
0.568743
0.314813
0.621844
0.061893
0.776774
0.715830
0.002091
0.126732
0.487072
0.497687
0.697112
0.242901
0.770280
0.056888
0.000089
0.069992
0.000756
0.144016
0.072925
0.151825
0.303345
0.645904
0.941263
0.399485
0.278623
0.963542
0.847199
0.603574
0.999720
0.956469
0.999914
0.149679
0.398651
0.399002
0.135970
0.178082
0.413145
0.200247
0.871436
0.399719
0.999890
0.761801
0.100972
0.825023
0.999812
0.655968
0.924415
0.305561
0.000326
0.000179
0.577811
0.933979
0.998878
0.998758
0.618183
0.999719
0.398753
0.000414
0.939369
0.999651
0.908882
0.926313
0.998871
0.410990
0.001051
0.000338
0.872074
0.600461
0.999894
0.949450
0.092536
0.263838
0.323587
0.209456
0.066840
0.882137
0.066593
0.670060
0.204600
0.000027
0.319522
0.000417
0.000503
0.669949
0.674160
0.832263
0.399372
0.601841
0.295781
0.275635
0.218254
0.359775
0.001405
