0.401972
0.458770
0.127957
0.696023
0.838732
0.746566
0.637420
0.844949
0.294987
0.207915
0.259284
0.156381
0.999869
0.999677
0.000140
0.000122
0.800949
0.999789
0.662184
0.069843
0.306314
0.961084
0.046592
0.565513
0.999775
0.061826
0.724437
0.247678
0.959471
0.129906
0.958417
0.781951
0.701753
0.483567
0.057914
0.811107
0.482396
0.367806
0.178563
0.796050
0.999805
0.060985
0.156345
0.939206
0.459159
0.282890
0.864757
0.362755
0.908536
0.201362
0.999735
0.058258
0.683383
0.883852
0.534517
0.880093
0.313260
0.999623
0.790615
0.316057
0.503031
0.490596
0.127117
0.853380
0.557336
0.577718
0.000509
0.851461
0.434216
0.453706
0.923569
0.000043
0.064411
0.000183
0.480365
0.999815
0.537399
0.367827
0.234757
0.056355
0.528965
0.124762
0.926875
0.000206
0.687449
0.932932
0.000332
0.757523
0.928292
0.999670
0.888432
0.000343
0.000134
0.000097
0.000116
0.215074
0.336629
0.613674
0.282748
0.779135
0.673363
0.602681
0.409790
0.756075
0.000008
0.000695
0.943872
0.145256
0.000198
0.200623
0.875790
0.201008
0.093823
0.172485
0.154840
0.552915
0.598977
0.579585
0.762665
0.129973
0.572662
0.029481
0.087726
0.232577
0.125100
0.666122
0.950525
0.794203
0.798765
0.322941
0.369284
0.652335
0.999900
0.838056
0.434378
0.658728
0.839280
0.394223
0.219278
0.922820
0.491965
0.806319
0.416889
0.999842
0.595683
0.000289
0.225573
0.964697
0.062583
0.040999
0.000560
0.999787
0.702690
0.620843
0.000258
0.881438
0.999828
0.462296
0.999672
0.256091
0.541536
0.998771
0.343109
0.273966
0.056970
0.117382
0.378746
0.159319
0.106171
0.073845
0.937861
0.000015
0.999857
0.039207
0.999660
0.929324
0.999645
0.999602
0.047066
0.000187
0.719970
0.623272
0.910616
0.942176
0.389666
0.747925
0.572578
0.999619
0.705617
0.317296
0.699727
0.999947
0.999921
0.242318
0.857968
0.000226
0.999951
0.001124
0.408542
0.315602
